  can0  193   [8]  00 00 00 00 00 00 00 00
  can0  193   [8]  00 00 00 00 00 00 00 00
  can0  193   [8]  00 00 00 00 00 00 00 00
  can0  193   [8]  00 00 00 00 00 00 00 00
  can0  193   [8]  00 00 00 00 00 00 00 00
  can0  193   [8]  00 00 00 00 00 00 00 00
  can0  193   [8]  00 00 00 00 00 00 00 00
  can0  193   [8]  00 00 00 00 00 00 00 00
  can0  193   [8]  00 00 00 00 00 00 00 00
  can0  193   [8]  00 00 00 00 00 00 00 00
  can0  193   [8]  00 00 00 00 00 00 00 00
  can0  193   [8]  00 00 00 00 00 00 00 00
  can0  193   [8]  00 00 00 00 00 00 00 00
  can0  193   [8]  00 00 00 00 00 00 00 00
  can0  193   [8]  00 00 00 00 00 00 00 00
  can0  193   [8]  00 00 00 00 00 00 00 00
  can0  193   [8]  00 00 00 00 00 00 00 00
  can0  193   [8]  00 00 00 00 00 00 00 00
  can0  193   [8]  00 00 00 00 00 00 00 00
  can0  193   [8]  00 00 00 00 00 00 00 00
  can0  193   [8]  00 00 00 00 00 00 00 00
  can0  193   [8]  00 00 00 00 00 00 00 00
  can0  193   [8]  00 00 00 00 00 00 00 00
  can0  193   [8]  00 00 00 00 00 00 00 00
  can0  193   [8]  00 00 00 00 00 00 00 00
  can0  193   [8]  00 00 00 00 00 00 00 00
  can0  193   [8]  00 00 00 00 00 00 00 00
  can0  193   [8]  00 00 00 00 00 00 00 00
  can0  193   [8]  00 00 00 00 00 00 00 00
  can0  193   [8]  00 00 00 00 00 00 00 00
  can0  193   [8]  00 00 00 00 00 00 00 00
  can0  193   [8]  00 00 00 00 00 00 00 00
  can0  193   [8]  00 00 00 00 00 00 00 00
  can0  193   [8]  00 00 00 00 00 00 00 00
  can0  193   [8]  00 00 00 00 00 00 00 00
  can0  193   [8]  00 00 00 00 00 00 00 00
  can0  193   [8]  00 00 00 00 00 00 00 00
  can0  193   [8]  00 00 00 00 00 00 00 00
  can0  193   [8]  00 00 00 00 00 00 00 00
  can0  193   [8]  00 00 00 00 00 00 00 00
  can0  193   [8]  00 00 00 00 00 00 00 00
  can0  193   [8]  00 00 00 00 00 00 00 00
  can0  193   [8]  00 00 00 00 00 00 00 00
  can0  193   [8]  00 00 00 00 00 00 00 00
  can0  193   [8]  00 00 00 00 00 00 00 00
  can0  193   [8]  00 00 00 00 00 00 00 00
  can0  193   [8]  00 00 00 00 00 00 00 00
  can0  193   [8]  00 00 00 00 00 00 00 00
  can0  193   [8]  00 00 00 00 00 00 00 00
  can0  193   [8]  00 00 00 00 00 00 00 00
  can0  193   [8]  00 00 00 00 00 00 00 00
  can0  193   [8]  00 00 00 00 00 00 00 00
  can0  193   [8]  00 00 00 00 00 00 00 00
  can0  193   [8]  00 00 00 00 00 00 00 00
  can0  193   [8]  00 00 00 00 00 00 00 00
  can0  193   [8]  00 00 00 00 00 00 00 00
  can0  193   [8]  00 00 00 00 00 00 00 00
  can0  193   [8]  00 00 00 00 00 00 00 00
  can0  193   [8]  00 00 00 00 00 00 00 00
  can0  193   [8]  00 00 00 00 00 00 00 00
  can0  193   [8]  00 00 00 00 00 00 00 00
  can0  193   [8]  00 00 00 00 00 00 00 00
  can0  193   [8]  00 00 00 00 00 00 00 00
  can0  193   [8]  00 00 00 00 00 00 00 00
  can0  193   [8]  00 00 00 00 00 00 00 00
  can0  193   [8]  00 00 00 00 00 00 00 00
  can0  193   [8]  00 00 00 00 00 00 00 00
  can0  193   [8]  00 00 00 00 00 00 00 00
  can0  193   [8]  00 00 00 00 00 00 00 00
  can0  193   [8]  00 00 00 00 00 00 00 00
  can0  193   [8]  00 00 00 00 00 00 00 00
  can0  193   [8]  00 00 00 00 00 00 00 00
  can0  193   [8]  00 00 00 00 00 00 00 00
  can0  193   [8]  00 00 00 00 00 00 00 00
  can0  193   [8]  00 00 00 00 00 00 00 00
  can0  193   [8]  00 00 00 00 00 00 00 00
  can0  193   [8]  00 00 00 00 00 00 00 00
  can0  193   [8]  00 00 00 00 00 00 00 00
  can0  193   [8]  00 00 00 00 00 00 00 00
  can0  193   [8]  00 00 00 00 00 00 00 00
  can0  193   [8]  00 00 00 00 00 00 00 00
  can0  193   [8]  00 00 00 00 00 00 00 00
  can0  193   [8]  00 00 00 00 00 00 00 00
  can0  193   [8]  00 00 00 00 00 00 00 00
  can0  193   [8]  00 00 00 00 00 00 00 00
  can0  193   [8]  00 00 00 00 00 00 00 00
  can0  193   [8]  00 00 00 00 00 00 00 00
  can0  193   [8]  00 00 00 00 00 00 00 00
  can0  193   [8]  00 00 00 00 00 00 00 00
  can0  193   [8]  00 00 00 00 00 00 00 00
  can0  193   [8]  00 00 00 00 00 00 00 00
  can0  193   [8]  00 00 00 00 00 00 00 00
  can0  193   [8]  00 00 00 00 00 00 00 00
  can0  193   [8]  00 00 00 00 00 00 00 00
  can0  193   [8]  00 00 00 00 00 00 00 00
  can0  193   [8]  00 00 00 00 00 00 00 00
  can0  193   [8]  00 00 00 00 00 00 00 00
  can0  193   [8]  00 00 00 00 00 00 00 00
  can0  193   [8]  00 00 00 00 00 00 00 00
  can0  193   [8]  00 00 00 00 00 00 00 00
  can0  193   [8]  00 00 00 00 00 00 00 00
  can0  193   [8]  00 00 00 00 00 00 00 00
  can0  193   [8]  00 00 00 00 00 00 00 00
  can0  193   [8]  00 00 00 00 00 00 00 00
  can0  193   [8]  00 00 00 00 00 00 00 00
  can0  193   [8]  00 00 00 00 00 00 00 00
  can0  193   [8]  00 00 00 00 00 00 00 00
  can0  193   [8]  00 00 00 00 00 00 00 00
  can0  193   [8]  00 00 00 00 00 00 00 00
  can0  193   [8]  00 00 00 00 00 00 00 00
  can0  193   [8]  00 00 00 00 00 00 00 00
  can0  193   [8]  00 00 00 00 00 00 00 00
  can0  193   [8]  00 00 00 00 00 00 00 00
  can0  193   [8]  00 00 00 00 00 00 00 00
  can0  193   [8]  00 00 00 00 00 00 00 00
  can0  193   [8]  00 00 00 00 00 00 00 00
  can0  193   [8]  00 00 00 00 00 00 00 00
  can0  193   [8]  00 00 00 00 00 00 00 00
  can0  193   [8]  00 00 00 00 00 00 00 00
  can0  193   [8]  00 00 00 00 00 00 00 00
  can0  193   [8]  00 00 00 00 00 00 00 00
  can0  193   [8]  00 00 00 00 00 00 00 00
  can0  193   [8]  00 00 00 00 00 00 00 00
  can0  193   [8]  00 00 00 00 00 00 00 00
  can0  193   [8]  00 00 00 00 00 00 00 00
  can0  193   [8]  00 00 00 00 00 00 00 00
  can0  193   [8]  00 00 00 00 00 00 00 00
  can0  193   [8]  00 00 00 00 00 00 00 00
  can0  193   [8]  00 00 00 00 00 00 00 00
  can0  193   [8]  00 00 00 00 00 00 00 00
  can0  193   [8]  00 00 00 00 00 00 00 00
  can0  193   [8]  00 00 00 00 00 00 00 00
  can0  193   [8]  00 00 00 00 00 00 00 00
  can0  193   [8]  00 00 00 00 00 00 00 00
  can0  193   [8]  00 00 00 00 00 00 00 00
  can0  193   [8]  00 00 00 00 00 00 00 00
  can0  193   [8]  00 00 00 00 00 00 00 00
  can0  193   [8]  00 00 00 00 00 00 00 00
  can0  193   [8]  00 00 00 00 00 00 00 00
  can0  193   [8]  00 00 00 00 00 00 00 00
  can0  193   [8]  00 00 00 00 00 00 00 00
  can0  193   [8]  00 00 00 00 00 00 00 00
  can0  193   [8]  00 00 00 00 00 00 00 00
  can0  193   [8]  00 00 00 00 00 00 00 00
  can0  193   [8]  00 00 00 00 00 00 00 00
  can0  193   [8]  00 00 00 00 00 00 00 00
  can0  193   [8]  00 00 00 00 00 00 00 00
  can0  193   [8]  00 00 00 00 00 00 00 00
  can0  193   [8]  00 00 00 00 00 00 00 00
  can0  193   [8]  00 00 00 00 00 00 00 00
  can0  193   [8]  00 00 00 00 00 00 00 00
  can0  193   [8]  00 00 00 00 00 00 00 00
  can0  193   [8]  00 00 00 00 00 00 00 00
  can0  193   [8]  00 00 00 00 00 00 00 00
  can0  193   [8]  00 00 00 00 00 00 00 00
  can0  193   [8]  00 00 00 00 00 00 00 00
  can0  193   [8]  00 00 00 00 00 00 00 00
  can0  193   [8]  00 00 00 00 00 00 00 00
  can0  193   [8]  00 00 00 00 00 00 00 00
  can0  193   [8]  00 00 00 00 00 00 00 00
  can0  193   [8]  00 00 00 00 00 00 00 00
  can0  193   [8]  00 00 00 00 00 00 00 00
  can0  193   [8]  00 00 00 00 00 00 00 00
  can0  193   [8]  00 00 00 00 00 00 00 00
  can0  193   [8]  00 00 00 00 00 00 00 00
  can0  193   [8]  00 00 00 00 00 00 00 00
  can0  193   [8]  00 00 00 00 00 00 00 00
  can0  193   [8]  00 00 00 00 00 00 00 00
  can0  193   [8]  00 00 00 00 00 00 00 00
  can0  193   [8]  00 00 00 00 00 00 00 00
  can0  193   [8]  00 00 00 00 00 00 00 00
  can0  193   [8]  00 00 00 00 00 00 00 00
  can0  193   [8]  00 00 00 00 00 00 00 00
  can0  193   [8]  00 00 00 00 00 00 00 00
  can0  193   [8]  00 00 00 00 00 00 00 00
  can0  193   [8]  00 00 00 00 00 00 00 00
  can0  193   [8]  00 00 00 00 00 00 00 00
  can0  193   [8]  00 00 00 00 00 00 00 00
  can0  193   [8]  00 00 00 00 00 00 00 00
  can0  193   [8]  00 00 00 00 00 00 00 00
  can0  193   [8]  00 00 00 00 00 00 00 00
  can0  193   [8]  00 00 00 00 00 00 00 00
  can0  193   [8]  00 00 00 00 00 00 00 00
  can0  193   [8]  00 00 00 00 00 00 00 00
  can0  193   [8]  00 00 00 00 00 00 00 00
  can0  193   [8]  00 00 00 00 00 00 00 00
  can0  193   [8]  00 00 00 00 00 00 00 00
  can0  193   [8]  00 00 00 00 00 00 00 00
  can0  193   [8]  00 00 00 00 00 00 00 00
  can0  193   [8]  00 00 00 00 00 00 00 00
  can0  193   [8]  00 00 00 00 00 00 00 00
  can0  193   [8]  00 00 00 00 00 00 00 00
  can0  193   [8]  00 00 00 00 00 00 00 00
  can0  193   [8]  00 00 00 00 00 00 00 00
  can0  193   [8]  00 00 00 00 00 00 00 00
  can0  193   [8]  00 00 00 00 00 00 00 00
  can0  193   [8]  00 00 00 00 00 00 00 00
  can0  193   [8]  00 00 00 00 00 00 00 00
  can0  193   [8]  00 00 00 00 00 00 00 00
  can0  193   [8]  00 00 00 00 00 00 00 00
  can0  193   [8]  00 00 00 00 00 00 00 00
  can0  193   [8]  00 00 00 00 00 00 00 00
  can0  193   [8]  00 00 00 00 00 00 00 00
  can0  193   [8]  00 00 00 00 00 00 00 00
  can0  193   [8]  00 00 00 00 00 00 00 00
  can0  193   [8]  00 00 00 00 00 00 00 00
  can0  193   [8]  00 00 00 00 00 00 00 00
  can0  193   [8]  00 00 00 00 00 00 00 00
  can0  193   [8]  00 00 00 00 00 00 00 00
  can0  193   [8]  00 00 00 00 00 00 00 00
  can0  193   [8]  00 00 00 00 00 00 00 00
  can0  193   [8]  00 00 00 00 00 00 00 00
  can0  193   [8]  00 00 00 00 00 00 00 00
  can0  193   [8]  00 00 00 00 00 00 00 00
  can0  193   [8]  00 00 00 00 00 00 00 00
  can0  193   [8]  00 00 00 00 00 00 00 00
  can0  193   [8]  00 00 00 00 00 00 00 00
  can0  193   [8]  00 00 00 00 00 00 00 00
  can0  193   [8]  00 00 00 00 00 00 00 00
  can0  193   [8]  00 00 00 00 00 00 00 00
  can0  193   [8]  00 00 00 00 00 00 00 00
  can0  193   [8]  00 00 00 00 00 00 00 00
  can0  193   [8]  00 00 00 00 00 00 00 00
  can0  193   [8]  00 00 00 00 00 00 00 00
  can0  193   [8]  00 00 00 00 00 00 00 00
  can0  193   [8]  00 00 00 00 00 00 00 00
  can0  193   [8]  00 00 00 00 00 00 00 00
  can0  193   [8]  00 00 00 00 00 00 00 00
  can0  193   [8]  00 00 00 00 00 00 00 00
  can0  193   [8]  00 00 00 00 00 00 00 00
  can0  193   [8]  00 00 00 00 00 00 00 00
  can0  193   [8]  00 00 00 00 00 00 00 00
  can0  193   [8]  00 00 00 00 00 00 00 00
  can0  193   [8]  00 00 00 00 00 00 00 00
  can0  193   [8]  00 00 00 00 00 00 00 00
  can0  193   [8]  00 00 07 F1 00 00 00 00
  can0  193   [8]  00 00 07 F1 00 00 00 00
  can0  193   [8]  00 00 07 F1 00 00 00 00
  can0  193   [8]  00 00 07 F1 00 00 00 00
  can0  193   [8]  00 00 07 F1 00 00 00 00
  can0  193   [8]  00 00 07 F1 00 00 00 00
  can0  193   [8]  00 00 07 F1 00 00 00 00
  can0  193   [8]  00 00 60 F0 00 00 00 00
  can0  193   [8]  00 00 60 F0 00 00 00 00
  can0  193   [8]  00 00 60 F0 00 00 00 00
  can0  193   [8]  00 00 60 F0 00 00 00 00
  can0  193   [8]  00 00 60 F0 00 00 00 00
  can0  193   [8]  00 00 60 F0 00 00 00 00
  can0  193   [8]  00 00 60 F0 00 00 00 00
  can0  193   [8]  00 00 60 F0 00 00 00 00
  can0  193   [8]  00 00 60 F0 00 00 00 00
  can0  193   [8]  00 00 60 F0 00 00 00 00
  can0  193   [8]  00 00 60 F0 00 00 00 00
  can0  193   [8]  00 00 60 F0 00 00 00 00
  can0  193   [8]  00 00 60 F0 00 00 00 00
  can0  193   [8]  00 00 60 F0 00 00 00 00
  can0  193   [8]  00 00 60 F0 00 00 00 00
  can0  193   [8]  00 00 60 F0 00 00 00 00
  can0  193   [8]  00 00 60 F0 00 00 00 00
  can0  193   [8]  00 00 60 F0 00 00 00 00
  can0  193   [8]  00 00 60 F0 00 00 00 00
  can0  193   [8]  00 00 60 F0 00 00 00 00
  can0  193   [8]  00 00 60 F0 00 00 00 00
  can0  193   [8]  00 00 60 F0 00 00 00 00
  can0  193   [8]  00 00 60 F0 00 00 00 00
  can0  193   [8]  00 00 60 F0 00 00 00 00
  can0  193   [8]  00 00 60 F0 00 00 00 00
  can0  193   [8]  00 00 60 F0 00 00 00 00
  can0  193   [8]  00 00 60 F0 00 00 00 00
  can0  193   [8]  00 00 60 F0 00 00 00 00
  can0  193   [8]  00 00 60 F0 00 00 00 00
  can0  193   [8]  00 00 60 F0 00 00 00 00
  can0  193   [8]  00 00 60 F0 00 00 00 00
  can0  193   [8]  00 00 60 F0 00 00 00 00
  can0  193   [8]  00 00 60 F0 00 00 00 00
  can0  193   [8]  00 00 60 F0 00 00 00 00
  can0  193   [8]  00 00 60 F0 00 00 00 00
  can0  193   [8]  00 00 60 F0 00 00 00 00
  can0  193   [8]  00 00 60 F0 00 00 00 00
  can0  193   [8]  00 00 60 F0 00 00 00 00
  can0  193   [8]  00 00 60 F0 00 00 00 00
  can0  193   [8]  00 00 60 F0 00 00 00 00
  can0  193   [8]  00 00 60 F0 00 00 00 00
  can0  193   [8]  00 00 60 F0 00 00 00 00
  can0  193   [8]  00 00 60 F0 00 00 00 00
  can0  193   [8]  00 00 60 F0 00 00 00 00
  can0  193   [8]  00 00 60 F0 00 00 00 00
  can0  193   [8]  00 00 60 F0 00 00 00 00
  can0  193   [8]  00 00 60 F0 00 00 00 00
  can0  193   [8]  00 00 60 F0 00 00 00 00
  can0  193   [8]  00 00 60 F0 00 00 00 00
  can0  193   [8]  00 00 60 F0 00 00 00 00
  can0  193   [8]  00 00 60 F0 00 00 00 00
  can0  193   [8]  00 00 60 F0 00 00 00 00
  can0  193   [8]  00 00 60 F0 00 00 00 00
  can0  193   [8]  00 00 60 F0 00 00 00 00
  can0  193   [8]  00 00 60 F0 00 00 00 00
  can0  193   [8]  00 00 60 F0 00 00 00 00
  can0  193   [8]  00 00 60 F0 00 00 00 00
  can0  193   [8]  00 00 60 F0 00 00 00 00
  can0  193   [8]  00 00 60 F0 00 00 00 00
  can0  193   [8]  00 00 60 F0 00 00 00 00
  can0  193   [8]  00 00 60 F0 00 00 00 00
  can0  193   [8]  00 00 60 F0 00 00 00 00
  can0  193   [8]  00 00 60 F0 00 00 00 00
  can0  193   [8]  00 00 60 F0 00 00 00 00
  can0  193   [8]  00 00 60 F0 00 00 00 00
  can0  193   [8]  00 00 60 F0 00 00 00 00
  can0  193   [8]  00 00 60 F0 00 00 00 00
  can0  193   [8]  00 00 60 F0 00 00 00 00
  can0  193   [8]  00 00 60 F0 00 00 00 00
  can0  193   [8]  00 00 60 F0 00 00 00 00
  can0  193   [8]  00 00 60 F0 00 00 00 00
  can0  193   [8]  00 00 60 F0 00 00 00 00
  can0  193   [8]  00 00 60 F0 00 00 00 00
  can0  193   [8]  00 00 60 F0 00 00 00 00
  can0  193   [8]  00 00 60 F0 00 00 00 00
  can0  193   [8]  00 00 60 F0 00 00 00 00
  can0  193   [8]  00 00 60 F0 00 00 00 00
  can0  193   [8]  00 00 60 F0 00 00 00 00
  can0  193   [8]  00 00 60 F0 00 00 00 00
  can0  193   [8]  00 00 60 F0 00 00 00 00
  can0  193   [8]  00 00 60 F0 00 00 00 00
  can0  193   [8]  00 00 60 F0 00 00 00 00
  can0  193   [8]  00 00 60 F0 00 00 00 00
  can0  193   [8]  00 00 60 F0 00 00 00 00
  can0  193   [8]  00 00 60 F0 00 00 00 00
  can0  193   [8]  00 00 60 F0 00 00 00 00
  can0  193   [8]  00 00 60 F0 00 00 00 00
  can0  193   [8]  00 00 60 F0 00 00 00 00
  can0  193   [8]  00 00 60 F0 00 00 00 00
  can0  193   [8]  00 00 60 F0 00 00 00 00
  can0  193   [8]  00 00 60 F0 00 00 00 00
  can0  193   [8]  00 00 60 F0 00 00 00 00
  can0  193   [8]  00 00 60 F0 00 00 00 00
  can0  193   [8]  00 00 60 F0 00 00 00 00
  can0  193   [8]  00 00 60 F0 00 00 00 00
  can0  193   [8]  00 00 60 F0 00 00 00 00
  can0  193   [8]  00 00 60 F0 00 00 00 00
  can0  193   [8]  00 00 60 F0 00 00 00 00
  can0  193   [8]  00 00 00 00 00 00 00 00
  can0  193   [8]  00 00 00 00 00 00 00 00
  can0  193   [8]  00 00 00 00 00 00 00 00
  can0  193   [8]  00 00 00 00 00 00 00 00
  can0  193   [8]  00 00 00 00 00 00 00 00
  can0  193   [8]  00 00 00 00 00 00 00 00
  can0  193   [8]  00 00 00 00 00 00 00 00
  can0  193   [8]  00 00 00 00 00 00 00 00
  can0  193   [8]  00 00 00 00 00 00 00 00
  can0  193   [8]  00 00 00 00 00 00 00 00
  can0  193   [8]  00 00 00 00 00 00 00 00
  can0  193   [8]  00 00 00 00 00 00 00 00
  can0  193   [8]  00 00 00 00 00 00 00 00
  can0  193   [8]  00 00 00 00 00 00 00 00
  can0  193   [8]  00 00 00 00 00 00 00 00
  can0  193   [8]  00 00 00 00 00 00 00 00
  can0  193   [8]  00 00 00 00 00 00 00 00
  can0  193   [8]  00 00 00 00 00 00 00 00
  can0  193   [8]  00 00 00 00 00 00 00 00
  can0  193   [8]  00 00 00 00 00 00 00 00
  can0  193   [8]  00 00 00 00 00 00 00 00
  can0  193   [8]  00 00 00 00 00 00 00 00
  can0  193   [8]  00 00 00 00 00 00 00 00
  can0  193   [8]  00 00 00 00 00 00 00 00
  can0  193   [8]  00 00 00 00 00 00 00 00
  can0  193   [8]  00 00 00 00 00 00 00 00
  can0  193   [8]  00 00 00 00 00 00 00 00
  can0  193   [8]  00 00 00 00 00 00 00 00
  can0  193   [8]  00 00 00 00 00 00 00 00
  can0  193   [8]  00 00 00 00 00 00 00 00
  can0  193   [8]  00 00 00 00 00 00 00 00
  can0  193   [8]  00 00 00 00 00 00 00 00
  can0  193   [8]  00 00 00 00 00 00 00 00
  can0  193   [8]  00 00 00 00 00 00 00 00
  can0  193   [8]  00 00 00 00 00 00 00 00
  can0  193   [8]  00 00 00 00 00 00 00 00
  can0  193   [8]  00 00 00 00 00 00 00 00
  can0  193   [8]  00 00 00 00 00 00 00 00
  can0  193   [8]  00 00 00 00 00 00 00 00
  can0  193   [8]  00 00 00 00 00 00 00 00
  can0  193   [8]  00 00 00 00 00 00 00 00
  can0  193   [8]  00 00 00 00 00 00 00 00
  can0  193   [8]  00 00 00 00 00 00 00 00
  can0  193   [8]  00 00 00 00 00 00 00 00
  can0  193   [8]  00 00 00 00 00 00 00 00
  can0  193   [8]  00 00 00 00 00 00 00 00
  can0  193   [8]  00 00 00 00 00 00 00 00
  can0  193   [8]  00 00 00 00 00 00 00 00
  can0  193   [8]  00 00 00 00 00 00 00 00
  can0  193   [8]  00 00 00 00 00 00 00 00
  can0  193   [8]  00 00 00 00 00 00 00 00
  can0  193   [8]  00 00 00 00 00 00 00 00
  can0  193   [8]  00 00 00 00 00 00 00 00
  can0  193   [8]  00 00 00 00 00 00 00 00
  can0  193   [8]  00 00 00 00 00 00 00 00
  can0  193   [8]  00 00 00 00 00 00 00 00
  can0  193   [8]  00 00 00 00 00 00 00 00
  can0  193   [8]  00 00 00 00 00 00 00 00
  can0  193   [8]  00 00 00 00 00 00 00 00
  can0  193   [8]  00 00 00 00 00 00 00 00
  can0  193   [8]  00 00 00 00 00 00 00 00
  can0  193   [8]  00 00 00 00 00 00 00 00
  can0  193   [8]  00 00 00 00 00 00 00 00
  can0  193   [8]  00 00 00 00 00 00 00 00
  can0  193   [8]  00 00 00 00 00 00 00 00
  can0  193   [8]  00 00 A0 0F 00 00 00 00
  can0  193   [8]  00 00 A0 0F 00 00 00 00
  can0  193   [8]  00 00 A0 0F 00 00 00 00
  can0  193   [8]  00 00 A0 0F 00 00 00 00
  can0  193   [8]  00 00 A0 0F 00 00 00 00
  can0  193   [8]  00 00 A0 0F 00 00 00 00
  can0  193   [8]  00 00 A0 0F 00 00 00 00
  can0  193   [8]  00 00 A0 0F 00 00 00 00
  can0  193   [8]  00 00 A0 0F 00 00 00 00
  can0  193   [8]  00 00 A0 0F 00 00 00 00
  can0  193   [8]  00 00 A0 0F 00 00 00 00
  can0  193   [8]  00 00 A0 0F 00 00 00 00
  can0  193   [8]  00 00 A0 0F 00 00 00 00
  can0  193   [8]  00 00 A0 0F 00 00 00 00
  can0  193   [8]  00 00 A0 0F 00 00 00 00
  can0  193   [8]  00 00 A0 0F 00 00 00 00
  can0  193   [8]  00 00 A0 0F 00 00 00 00
  can0  193   [8]  00 00 A0 0F 00 00 00 00
  can0  193   [8]  00 00 A0 0F 00 00 00 00
  can0  193   [8]  00 00 A0 0F 00 00 00 00
  can0  193   [8]  00 00 A0 0F 00 00 00 00
  can0  193   [8]  00 00 A0 0F 00 00 00 00
  can0  193   [8]  00 00 A0 0F 00 00 00 00
  can0  193   [8]  00 00 A0 0F 00 00 00 00
  can0  193   [8]  00 00 A0 0F 00 00 00 00
  can0  193   [8]  00 00 A0 0F 00 00 00 00
  can0  193   [8]  00 00 A0 0F 00 00 00 00
  can0  193   [8]  00 00 A0 0F 00 00 00 00
  can0  193   [8]  00 00 A0 0F 00 00 00 00
  can0  193   [8]  00 00 A0 0F 00 00 00 00
  can0  193   [8]  00 00 A0 0F 00 00 00 00
  can0  193   [8]  00 00 A0 0F 00 00 00 00
  can0  193   [8]  00 00 A0 0F 00 00 00 00
  can0  193   [8]  00 00 A0 0F 00 00 00 00
  can0  193   [8]  00 00 A0 0F 00 00 00 00
  can0  193   [8]  00 00 A0 0F 00 00 00 00
  can0  193   [8]  00 00 A0 0F 00 00 00 00
  can0  193   [8]  00 00 A0 0F 00 00 00 00
  can0  193   [8]  00 00 A0 0F 00 00 00 00
  can0  193   [8]  00 00 A0 0F 00 00 00 00
  can0  193   [8]  00 00 A0 0F 00 00 00 00
  can0  193   [8]  00 00 A0 0F 00 00 00 00
  can0  193   [8]  00 00 A0 0F 00 00 00 00
  can0  193   [8]  00 00 A0 0F 00 00 00 00
  can0  193   [8]  00 00 A0 0F 00 00 00 00
  can0  193   [8]  00 00 A0 0F 00 00 00 00
  can0  193   [8]  00 00 A0 0F 00 00 00 00
  can0  193   [8]  00 00 A0 0F 00 00 00 00
  can0  193   [8]  00 00 A0 0F 00 00 00 00
  can0  193   [8]  00 00 A0 0F 00 00 00 00
  can0  193   [8]  00 00 A0 0F 00 00 00 00
  can0  193   [8]  00 00 A0 0F 00 00 00 00
  can0  193   [8]  00 00 A0 0F 00 00 00 00
  can0  193   [8]  00 00 A0 0F 00 00 00 00
  can0  193   [8]  00 00 A0 0F 00 00 00 00
  can0  193   [8]  00 00 A0 0F 00 00 00 00
  can0  193   [8]  00 00 A0 0F 00 00 00 00
  can0  193   [8]  00 00 A0 0F 00 00 00 00
  can0  193   [8]  00 00 A0 0F 00 00 00 00
  can0  193   [8]  00 00 A0 0F 00 00 00 00
  can0  193   [8]  00 00 A0 0F 00 00 00 00
  can0  193   [8]  00 00 A0 0F 00 00 00 00
  can0  193   [8]  00 00 A0 0F 00 00 00 00
  can0  193   [8]  00 00 A0 0F 00 00 00 00
  can0  193   [8]  00 00 A0 0F 00 00 00 00
  can0  193   [8]  00 00 A0 0F 00 00 00 00
  can0  193   [8]  00 00 A0 0F 00 00 00 00
  can0  193   [8]  00 00 A0 0F 00 00 00 00
  can0  193   [8]  00 00 A0 0F 00 00 00 00
  can0  193   [8]  00 00 A0 0F 00 00 00 00
  can0  193   [8]  00 00 A0 0F 00 00 00 00
  can0  193   [8]  00 00 A0 0F 00 00 00 00
  can0  193   [8]  00 00 A0 0F 00 00 00 00
  can0  193   [8]  00 00 A0 0F 00 00 00 00
  can0  193   [8]  00 00 A0 0F 00 00 00 00
  can0  193   [8]  00 00 A0 0F 00 00 00 00
  can0  193   [8]  00 00 A0 0F 00 00 00 00
  can0  193   [8]  00 00 A0 0F 00 00 00 00
  can0  193   [8]  00 00 A0 0F 00 00 00 00
  can0  193   [8]  00 00 A0 0F 00 00 00 00
  can0  193   [8]  00 00 A0 0F 00 00 00 00
  can0  193   [8]  00 00 A0 0F 00 00 00 00
  can0  193   [8]  00 00 A0 0F 00 00 00 00
  can0  193   [8]  00 00 A0 0F 00 00 00 00
  can0  193   [8]  00 00 A0 0F 00 00 00 00
  can0  193   [8]  00 00 A0 0F 00 00 00 00
  can0  193   [8]  00 00 A0 0F 00 00 00 00
  can0  193   [8]  00 00 A0 0F 00 00 00 00
  can0  193   [8]  00 00 A0 0F 00 00 00 00
  can0  193   [8]  00 00 A0 0F 00 00 00 00
  can0  193   [8]  00 00 A0 0F 00 00 00 00
  can0  193   [8]  00 00 A0 0F 00 00 00 00
  can0  193   [8]  00 00 A0 0F 00 00 00 00
  can0  193   [8]  00 00 A0 0F 00 00 00 00
  can0  193   [8]  00 00 A0 0F 00 00 00 00
  can0  193   [8]  00 00 A0 0F 00 00 00 00
  can0  193   [8]  00 00 A0 0F 00 00 00 00
  can0  193   [8]  00 00 A0 0F 00 00 00 00
  can0  193   [8]  00 00 A0 0F 00 00 00 00
  can0  193   [8]  00 00 A0 0F 00 00 00 00
  can0  193   [8]  00 00 A0 0F 00 00 00 00
  can0  193   [8]  00 00 A0 0F 00 00 00 00
  can0  193   [8]  00 00 00 00 00 00 00 00
  can0  193   [8]  00 00 00 00 00 00 00 00
  can0  193   [8]  00 00 00 00 00 00 00 00
  can0  193   [8]  00 00 00 00 00 00 00 00
  can0  193   [8]  00 00 00 00 00 00 00 00
  can0  193   [8]  00 00 00 00 00 00 00 00
  can0  193   [8]  00 00 00 00 00 00 00 00
  can0  193   [8]  00 00 00 00 00 00 00 00
  can0  193   [8]  00 00 00 00 00 00 00 00
  can0  193   [8]  00 00 00 00 00 00 00 00
  can0  193   [8]  00 00 00 00 00 00 00 00
  can0  193   [8]  00 00 00 00 00 00 00 00
  can0  193   [8]  00 00 00 00 00 00 00 00
  can0  193   [8]  00 00 00 00 00 00 00 00
  can0  193   [8]  00 00 00 00 00 00 00 00
  can0  193   [8]  00 00 00 00 00 00 00 00
  can0  193   [8]  00 00 00 00 00 00 00 00
  can0  193   [8]  00 00 00 00 00 00 00 00
  can0  193   [8]  00 00 00 00 00 00 00 00
  can0  193   [8]  00 00 00 00 00 00 00 00
  can0  193   [8]  00 00 00 00 00 00 00 00
  can0  193   [8]  00 00 00 00 00 00 00 00
  can0  193   [8]  00 00 00 00 00 00 00 00
  can0  193   [8]  00 00 00 00 00 00 00 00
  can0  193   [8]  00 00 00 00 00 00 00 00
  can0  193   [8]  00 00 00 00 00 00 00 00
  can0  193   [8]  00 00 00 00 00 00 00 00
  can0  193   [8]  00 00 00 00 00 00 00 00
  can0  193   [8]  00 00 00 00 00 00 00 00
  can0  193   [8]  00 00 00 00 00 00 00 00
  can0  193   [8]  00 00 00 00 00 00 00 00
  can0  193   [8]  00 00 00 00 00 00 00 00
  can0  193   [8]  00 00 00 00 00 00 00 00
  can0  193   [8]  00 00 00 00 00 00 00 00
  can0  193   [8]  00 00 00 00 00 00 00 00
  can0  193   [8]  00 00 00 00 00 00 00 00
  can0  193   [8]  00 00 00 00 00 00 00 00
  can0  193   [8]  00 00 00 00 00 00 00 00
  can0  193   [8]  00 00 00 00 00 00 00 00
  can0  193   [8]  00 00 00 00 00 00 00 00
  can0  193   [8]  00 00 00 00 00 00 00 00
  can0  193   [8]  00 00 00 00 00 00 00 00
  can0  193   [8]  00 00 00 00 00 00 00 00
  can0  193   [8]  00 00 00 00 00 00 00 00
  can0  193   [8]  00 00 00 00 00 00 00 00
  can0  193   [8]  00 00 00 00 00 00 00 00
  can0  193   [8]  00 00 00 00 00 00 00 00
  can0  193   [8]  00 00 00 00 00 00 00 00
  can0  193   [8]  00 00 00 00 00 00 00 00
  can0  193   [8]  00 00 00 00 00 00 00 00
  can0  193   [8]  00 00 00 00 00 00 00 00
  can0  193   [8]  00 00 00 00 00 00 00 00
  can0  193   [8]  00 00 00 00 00 00 00 00
  can0  193   [8]  00 00 00 00 00 00 00 00
  can0  193   [8]  00 00 00 00 00 00 00 00
  can0  193   [8]  00 00 00 00 00 00 00 00
  can0  193   [8]  00 00 00 00 00 00 28 00
  can0  193   [8]  00 00 00 00 00 00 50 00
  can0  193   [8]  00 00 00 00 00 00 78 00
  can0  193   [8]  00 00 00 00 00 00 A0 00
  can0  193   [8]  00 00 00 00 00 00 C8 00
  can0  193   [8]  00 00 00 00 00 00 F0 00
  can0  193   [8]  00 00 00 00 00 00 18 01
  can0  193   [8]  00 00 00 00 00 00 40 01
  can0  193   [8]  00 00 00 00 00 00 68 01
  can0  193   [8]  00 00 00 00 00 00 90 01
  can0  193   [8]  00 00 00 00 00 00 B8 01
  can0  193   [8]  00 00 00 00 00 00 E0 01
  can0  193   [8]  00 00 00 00 00 00 08 02
  can0  193   [8]  00 00 00 00 00 00 30 02
  can0  193   [8]  00 00 00 00 00 00 58 02
  can0  193   [8]  00 00 00 00 00 00 80 02
  can0  193   [8]  00 00 00 00 00 00 A8 02
  can0  193   [8]  00 00 00 00 00 00 D0 02
  can0  193   [8]  00 00 00 00 00 00 F8 02
  can0  193   [8]  00 00 00 00 00 00 20 03
  can0  193   [8]  00 00 00 00 00 00 48 03
  can0  193   [8]  00 00 00 00 00 00 70 03
  can0  193   [8]  00 00 00 00 00 00 98 03
  can0  193   [8]  00 00 00 00 00 00 C0 03
  can0  193   [8]  00 00 00 00 00 00 E8 03
  can0  193   [8]  00 00 00 00 00 00 10 04
  can0  193   [8]  00 00 00 00 00 00 38 04
  can0  193   [8]  00 00 00 00 00 00 60 04
  can0  193   [8]  00 00 00 00 00 00 88 04
  can0  193   [8]  00 00 00 00 00 00 B0 04
  can0  193   [8]  00 00 00 00 00 00 D8 04
  can0  193   [8]  00 00 00 00 00 00 00 05
  can0  193   [8]  00 00 00 00 00 00 28 05
  can0  193   [8]  00 00 00 00 00 00 50 05
  can0  193   [8]  00 00 00 00 00 00 78 05
  can0  193   [8]  00 00 00 00 00 00 A0 05
  can0  193   [8]  00 00 00 00 00 00 C8 05
  can0  193   [8]  00 00 00 00 00 00 F0 05
  can0  193   [8]  00 00 00 00 00 00 18 06
  can0  193   [8]  00 00 00 00 00 00 40 06
  can0  193   [8]  00 00 00 00 00 00 68 06
  can0  193   [8]  00 00 00 00 00 00 90 06
  can0  193   [8]  00 00 00 00 00 00 B8 06
  can0  193   [8]  00 00 00 00 00 00 E0 06
  can0  193   [8]  00 00 00 00 00 00 08 07
  can0  193   [8]  00 00 00 00 00 00 30 07
  can0  193   [8]  00 00 00 00 00 00 58 07
  can0  193   [8]  00 00 00 00 00 00 80 07
  can0  193   [8]  00 00 00 00 00 00 A8 07
  can0  193   [8]  00 00 00 00 00 00 D0 07
  can0  193   [8]  00 00 00 00 00 00 F8 07
  can0  193   [8]  00 00 00 00 00 00 20 08
  can0  193   [8]  00 00 00 00 00 00 48 08
  can0  193   [8]  00 00 00 00 00 00 70 08
  can0  193   [8]  00 00 00 00 00 00 98 08
  can0  193   [8]  00 00 00 00 00 00 C0 08
  can0  193   [8]  00 00 00 00 00 00 E8 08
  can0  193   [8]  00 00 00 00 00 00 10 09
  can0  193   [8]  00 00 00 00 00 00 38 09
  can0  193   [8]  00 00 00 00 00 00 60 09
  can0  193   [8]  00 00 00 00 00 00 88 09
  can0  193   [8]  00 00 00 00 00 00 B0 09
  can0  193   [8]  00 00 00 00 00 00 D8 09
  can0  193   [8]  00 00 00 00 00 00 00 0A
  can0  193   [8]  00 00 00 00 00 00 28 0A
  can0  193   [8]  00 00 00 00 00 00 50 0A
  can0  193   [8]  00 00 00 00 00 00 78 0A
  can0  193   [8]  00 00 00 00 00 00 A0 0A
  can0  193   [8]  00 00 00 00 00 00 C8 0A
  can0  193   [8]  00 00 00 00 00 00 F0 0A
  can0  193   [8]  00 00 00 00 00 00 F0 0A
  can0  193   [8]  00 00 00 00 00 00 F0 0A
  can0  193   [8]  00 00 00 00 00 00 F0 0A
  can0  193   [8]  00 00 00 00 00 00 F0 0A
  can0  193   [8]  00 00 00 00 00 00 F0 0A
  can0  193   [8]  00 00 00 00 00 00 F0 0A
  can0  193   [8]  00 00 00 00 00 00 F0 0A
  can0  193   [8]  00 00 00 00 00 00 F0 0A
  can0  193   [8]  00 00 00 00 00 00 F0 0A
  can0  193   [8]  00 00 00 00 00 00 F0 0A
  can0  193   [8]  00 00 00 00 00 00 F0 0A
  can0  193   [8]  00 00 00 00 00 00 F0 0A
  can0  193   [8]  00 00 00 00 00 00 F0 0A
  can0  193   [8]  00 00 00 00 00 00 F0 0A
  can0  193   [8]  00 00 00 00 00 00 F0 0A
  can0  193   [8]  00 00 00 00 00 00 F0 0A
  can0  193   [8]  00 00 00 00 00 00 F0 0A
  can0  193   [8]  00 00 00 00 00 00 F0 0A
  can0  193   [8]  00 00 00 00 00 00 F0 0A
  can0  193   [8]  00 00 00 00 00 00 F0 0A
  can0  193   [8]  00 00 00 00 00 00 F0 0A
  can0  193   [8]  00 00 00 00 00 00 F0 0A
  can0  193   [8]  00 00 00 00 00 00 F0 0A
  can0  193   [8]  00 00 00 00 00 00 F0 0A
  can0  193   [8]  00 00 00 00 00 00 F0 0A
  can0  193   [8]  00 00 00 00 00 00 F0 0A
  can0  193   [8]  00 00 00 00 00 00 F0 0A
  can0  193   [8]  00 00 00 00 00 00 F0 0A
  can0  193   [8]  00 00 00 00 00 00 F0 0A
  can0  193   [8]  00 00 00 00 00 00 F0 0A
  can0  193   [8]  00 00 00 00 00 00 F0 0A
  can0  193   [8]  00 00 00 00 00 00 F0 0A
  can0  193   [8]  00 00 00 00 00 00 F0 0A
  can0  193   [8]  00 00 00 00 00 00 F0 0A
  can0  193   [8]  00 00 00 00 00 00 F0 0A
  can0  193   [8]  00 00 00 00 00 00 F0 0A
  can0  193   [8]  00 00 00 00 00 00 F0 0A
  can0  193   [8]  00 00 00 00 00 00 F0 0A
  can0  193   [8]  00 00 00 00 00 00 F0 0A
  can0  193   [8]  00 00 00 00 00 00 F0 0A
  can0  193   [8]  00 00 00 00 00 00 F0 0A
  can0  193   [8]  00 00 00 00 00 00 F0 0A
  can0  193   [8]  00 00 00 00 00 00 F0 0A
  can0  193   [8]  00 00 00 00 00 00 F0 0A
  can0  193   [8]  00 00 00 00 00 00 F0 0A
  can0  193   [8]  00 00 00 00 00 00 F0 0A
  can0  193   [8]  00 00 00 00 00 00 F0 0A
  can0  193   [8]  00 00 00 00 00 00 F0 0A
  can0  193   [8]  00 00 00 00 00 00 F0 0A
  can0  193   [8]  00 00 00 00 00 00 F0 0A
  can0  193   [8]  00 00 00 00 00 00 F0 0A
  can0  193   [8]  00 00 00 00 00 00 F0 0A
  can0  193   [8]  00 00 00 00 00 00 F0 0A
  can0  193   [8]  00 00 00 00 00 00 F0 0A
  can0  193   [8]  00 00 00 00 00 00 F0 0A
  can0  193   [8]  00 00 00 00 00 00 F0 0A
  can0  193   [8]  00 00 00 00 00 00 F0 0A
  can0  193   [8]  00 00 00 00 00 00 F0 0A
  can0  193   [8]  00 00 00 00 00 00 F0 0A
  can0  193   [8]  00 00 00 00 00 00 F0 0A
  can0  193   [8]  00 00 00 00 00 00 F0 0A
  can0  193   [8]  00 00 00 00 00 00 F0 0A
  can0  193   [8]  00 00 00 00 00 00 F0 0A
  can0  193   [8]  00 00 00 00 00 00 F0 0A
  can0  193   [8]  00 00 00 00 00 00 F0 0A
  can0  193   [8]  00 00 00 00 00 00 F0 0A
  can0  193   [8]  00 00 00 00 00 00 F0 0A
  can0  193   [8]  00 00 00 00 00 00 F0 0A
  can0  193   [8]  00 00 00 00 00 00 F0 0A
  can0  193   [8]  00 00 00 00 00 00 F0 0A
  can0  193   [8]  00 00 00 00 00 00 F0 0A
  can0  193   [8]  00 00 00 00 00 00 F0 0A
  can0  193   [8]  00 00 00 00 00 00 F0 0A
  can0  193   [8]  00 00 00 00 00 00 F0 0A
  can0  193   [8]  00 00 00 00 00 00 F0 0A
  can0  193   [8]  00 00 00 00 00 00 F0 0A
  can0  193   [8]  00 00 00 00 00 00 F0 0A
  can0  193   [8]  00 00 00 00 00 00 F0 0A
  can0  193   [8]  00 00 00 00 00 00 F0 0A
  can0  193   [8]  00 00 00 00 00 00 F0 0A
  can0  193   [8]  00 00 00 00 00 00 F0 0A
  can0  193   [8]  00 00 00 00 00 00 F0 0A
  can0  193   [8]  00 00 00 00 00 00 F0 0A
  can0  193   [8]  00 00 00 00 00 00 F0 0A
  can0  193   [8]  00 00 00 00 00 00 F0 0A
  can0  193   [8]  00 00 00 00 00 00 F0 0A
  can0  193   [8]  00 00 00 00 00 00 F0 0A
  can0  193   [8]  00 00 00 00 00 00 F0 0A
  can0  193   [8]  00 00 00 00 00 00 F0 0A
  can0  193   [8]  00 00 00 00 00 00 F0 0A
  can0  193   [8]  00 00 00 00 00 00 F0 0A
  can0  193   [8]  00 00 00 00 00 00 F0 0A
  can0  193   [8]  00 00 00 00 00 00 F0 0A
  can0  193   [8]  00 00 00 00 00 00 F0 0A
  can0  193   [8]  00 00 00 00 00 00 F0 0A
  can0  193   [8]  00 00 00 00 00 00 F0 0A
  can0  193   [8]  00 00 00 00 00 00 F0 0A
  can0  193   [8]  00 00 00 00 00 00 F0 0A
  can0  193   [8]  00 00 00 00 00 00 F0 0A
  can0  193   [8]  00 00 00 00 00 00 F0 0A
  can0  193   [8]  00 00 00 00 00 00 F0 0A
  can0  193   [8]  00 00 00 00 00 00 F0 0A
  can0  193   [8]  00 00 00 00 00 00 F0 0A
  can0  193   [8]  00 00 00 00 00 00 F0 0A
  can0  193   [8]  00 00 00 00 00 00 F0 0A
  can0  193   [8]  00 00 00 00 00 00 F0 0A
  can0  193   [8]  00 00 00 00 00 00 F0 0A
  can0  193   [8]  00 00 00 00 00 00 F0 0A
  can0  193   [8]  00 00 00 00 00 00 C8 0A
  can0  193   [8]  00 00 00 00 00 00 A0 0A
  can0  193   [8]  00 00 00 00 00 00 78 0A
  can0  193   [8]  00 00 00 00 00 00 50 0A
  can0  193   [8]  00 00 00 00 00 00 28 0A
  can0  193   [8]  00 00 00 00 00 00 00 0A
  can0  193   [8]  00 00 00 00 00 00 D8 09
  can0  193   [8]  00 00 00 00 00 00 B0 09
  can0  193   [8]  00 00 00 00 00 00 88 09
  can0  193   [8]  00 00 00 00 00 00 60 09
  can0  193   [8]  00 00 00 00 00 00 38 09
  can0  193   [8]  00 00 00 00 00 00 10 09
  can0  193   [8]  00 00 00 00 00 00 E8 08
  can0  193   [8]  00 00 00 00 00 00 BF 08
  can0  193   [8]  00 00 00 00 00 00 97 08
  can0  193   [8]  00 00 00 00 00 00 6F 08
  can0  193   [8]  00 00 00 00 00 00 47 08
  can0  193   [8]  00 00 00 00 00 00 1F 08
  can0  193   [8]  00 00 00 00 00 00 F7 07
  can0  193   [8]  00 00 00 00 00 00 CF 07
  can0  193   [8]  00 00 00 00 00 00 A7 07
  can0  193   [8]  00 00 00 00 00 00 7F 07
  can0  193   [8]  00 00 00 00 00 00 57 07
  can0  193   [8]  00 00 00 00 00 00 2F 07
  can0  193   [8]  00 00 00 00 00 00 07 07
  can0  193   [8]  00 00 00 00 00 00 DF 06
  can0  193   [8]  00 00 00 00 00 00 B7 06
  can0  193   [8]  00 00 00 00 00 00 8F 06
  can0  193   [8]  00 00 00 00 00 00 67 06
  can0  193   [8]  00 00 00 00 00 00 3F 06
  can0  193   [8]  00 00 00 00 00 00 17 06
  can0  193   [8]  00 00 00 00 00 00 EF 05
  can0  193   [8]  00 00 00 00 00 00 C7 05
  can0  193   [8]  00 00 00 00 00 00 9F 05
  can0  193   [8]  00 00 00 00 00 00 77 05
  can0  193   [8]  00 00 00 00 00 00 4F 05
  can0  193   [8]  00 00 00 00 00 00 27 05
  can0  193   [8]  00 00 00 00 00 00 FF 04
  can0  193   [8]  00 00 00 00 00 00 D7 04
  can0  193   [8]  00 00 00 00 00 00 AF 04
  can0  193   [8]  00 00 00 00 00 00 87 04
  can0  193   [8]  00 00 00 00 00 00 5F 04
  can0  193   [8]  00 00 00 00 00 00 37 04
  can0  193   [8]  00 00 00 00 00 00 0F 04
  can0  193   [8]  00 00 00 00 00 00 E7 03
  can0  193   [8]  00 00 00 00 00 00 BF 03
  can0  193   [8]  00 00 00 00 00 00 97 03
  can0  193   [8]  00 00 00 00 00 00 6F 03
  can0  193   [8]  00 00 00 00 00 00 47 03
  can0  193   [8]  00 00 00 00 00 00 1F 03
  can0  193   [8]  00 00 00 00 00 00 F7 02
  can0  193   [8]  00 00 00 00 00 00 CF 02
  can0  193   [8]  00 00 00 00 00 00 A7 02
  can0  193   [8]  00 00 00 00 00 00 7F 02
  can0  193   [8]  00 00 00 00 00 00 57 02
  can0  193   [8]  00 00 00 00 00 00 2F 02
  can0  193   [8]  00 00 00 00 00 00 07 02
  can0  193   [8]  00 00 00 00 00 00 DF 01
  can0  193   [8]  00 00 00 00 00 00 B7 01
  can0  193   [8]  00 00 00 00 00 00 8F 01
  can0  193   [8]  00 00 00 00 00 00 67 01
  can0  193   [8]  00 00 00 00 00 00 3F 01
  can0  193   [8]  00 00 00 00 00 00 17 01
  can0  193   [8]  00 00 00 00 00 00 EF 00
  can0  193   [8]  00 00 00 00 00 00 C7 00
  can0  193   [8]  00 00 00 00 00 00 9F 00
  can0  193   [8]  00 00 00 00 00 00 77 00
  can0  193   [8]  00 00 00 00 00 00 4F 00
  can0  193   [8]  00 00 00 00 00 00 27 00
  can0  193   [8]  00 00 00 00 00 00 00 00
  can0  193   [8]  00 00 00 00 00 00 00 00
  can0  193   [8]  00 00 00 00 00 00 00 00
  can0  193   [8]  00 00 00 00 00 00 00 00
  can0  193   [8]  00 00 00 00 00 00 00 00
  can0  193   [8]  00 00 00 00 00 00 00 00
  can0  193   [8]  00 00 00 00 00 00 00 00
  can0  193   [8]  00 00 00 00 00 00 00 00
  can0  193   [8]  00 00 00 00 00 00 00 00
  can0  193   [8]  00 00 00 00 00 00 00 00
  can0  193   [8]  00 00 00 00 00 00 00 00
  can0  193   [8]  00 00 00 00 00 00 00 00
  can0  193   [8]  00 00 00 00 00 00 00 00
  can0  193   [8]  00 00 00 00 00 00 00 00
  can0  193   [8]  00 00 00 00 00 00 00 00
  can0  193   [8]  00 00 00 00 00 00 00 00
  can0  193   [8]  00 00 00 00 00 00 00 00
  can0  193   [8]  00 00 00 00 00 00 00 00
  can0  193   [8]  00 00 00 00 00 00 00 00
  can0  193   [8]  00 00 00 00 00 00 00 00
  can0  193   [8]  00 00 00 00 00 00 00 00
  can0  193   [8]  00 00 00 00 00 00 00 00
  can0  193   [8]  00 00 00 00 00 00 00 00
  can0  193   [8]  00 00 00 00 00 00 00 00
  can0  193   [8]  00 00 00 00 00 00 00 00
  can0  193   [8]  00 00 00 00 00 00 00 00
  can0  193   [8]  00 00 00 00 00 00 00 00
  can0  193   [8]  00 00 00 00 00 00 D8 FF
  can0  193   [8]  00 00 00 00 00 00 B0 FF
  can0  193   [8]  00 00 00 00 00 00 88 FF
  can0  193   [8]  00 00 00 00 00 00 60 FF
  can0  193   [8]  00 00 00 00 00 00 38 FF
  can0  193   [8]  00 00 00 00 00 00 10 FF
  can0  193   [8]  00 00 00 00 00 00 E8 FE
  can0  193   [8]  00 00 00 00 00 00 C0 FE
  can0  193   [8]  00 00 00 00 00 00 98 FE
  can0  193   [8]  00 00 00 00 00 00 70 FE
  can0  193   [8]  00 00 00 00 00 00 48 FE
  can0  193   [8]  00 00 00 00 00 00 20 FE
  can0  193   [8]  00 00 00 00 00 00 F8 FD
  can0  193   [8]  00 00 00 00 00 00 D0 FD
  can0  193   [8]  00 00 00 00 00 00 A8 FD
  can0  193   [8]  00 00 00 00 00 00 80 FD
  can0  193   [8]  00 00 00 00 00 00 58 FD
  can0  193   [8]  00 00 00 00 00 00 30 FD
  can0  193   [8]  00 00 00 00 00 00 08 FD
  can0  193   [8]  00 00 00 00 00 00 E0 FC
  can0  193   [8]  00 00 00 00 00 00 B8 FC
  can0  193   [8]  00 00 00 00 00 00 90 FC
  can0  193   [8]  00 00 00 00 00 00 68 FC
  can0  193   [8]  00 00 00 00 00 00 40 FC
  can0  193   [8]  00 00 00 00 00 00 18 FC
  can0  193   [8]  00 00 00 00 00 00 F0 FB
  can0  193   [8]  00 00 00 00 00 00 C8 FB
  can0  193   [8]  00 00 00 00 00 00 A0 FB
  can0  193   [8]  00 00 00 00 00 00 78 FB
  can0  193   [8]  00 00 00 00 00 00 50 FB
  can0  193   [8]  00 00 00 00 00 00 28 FB
  can0  193   [8]  00 00 00 00 00 00 00 FB
  can0  193   [8]  00 00 00 00 00 00 D8 FA
  can0  193   [8]  00 00 00 00 00 00 B0 FA
  can0  193   [8]  00 00 00 00 00 00 88 FA
  can0  193   [8]  00 00 00 00 00 00 60 FA
  can0  193   [8]  00 00 00 00 00 00 38 FA
  can0  193   [8]  00 00 00 00 00 00 10 FA
  can0  193   [8]  00 00 00 00 00 00 E8 F9
  can0  193   [8]  00 00 00 00 00 00 C0 F9
  can0  193   [8]  00 00 00 00 00 00 98 F9
  can0  193   [8]  00 00 00 00 00 00 70 F9
  can0  193   [8]  00 00 00 00 00 00 48 F9
  can0  193   [8]  00 00 00 00 00 00 20 F9
  can0  193   [8]  00 00 00 00 00 00 F8 F8
  can0  193   [8]  00 00 00 00 00 00 D0 F8
  can0  193   [8]  00 00 00 00 00 00 A8 F8
  can0  193   [8]  00 00 00 00 00 00 80 F8
  can0  193   [8]  00 00 00 00 00 00 58 F8
  can0  193   [8]  00 00 00 00 00 00 30 F8
  can0  193   [8]  00 00 00 00 00 00 08 F8
  can0  193   [8]  00 00 00 00 00 00 E0 F7
  can0  193   [8]  00 00 00 00 00 00 B8 F7
  can0  193   [8]  00 00 00 00 00 00 90 F7
  can0  193   [8]  00 00 00 00 00 00 68 F7
  can0  193   [8]  00 00 00 00 00 00 40 F7
  can0  193   [8]  00 00 00 00 00 00 18 F7
  can0  193   [8]  00 00 00 00 00 00 F0 F6
  can0  193   [8]  00 00 00 00 00 00 C8 F6
  can0  193   [8]  00 00 00 00 00 00 A0 F6
  can0  193   [8]  00 00 00 00 00 00 78 F6
  can0  193   [8]  00 00 00 00 00 00 50 F6
  can0  193   [8]  00 00 00 00 00 00 28 F6
  can0  193   [8]  00 00 00 00 00 00 00 F6
  can0  193   [8]  00 00 00 00 00 00 D8 F5
  can0  193   [8]  00 00 00 00 00 00 B0 F5
  can0  193   [8]  00 00 00 00 00 00 88 F5
  can0  193   [8]  00 00 00 00 00 00 60 F5
  can0  193   [8]  00 00 00 00 00 00 38 F5
  can0  193   [8]  00 00 00 00 00 00 10 F5
  can0  193   [8]  00 00 00 00 00 00 10 F5
  can0  193   [8]  00 00 00 00 00 00 10 F5
  can0  193   [8]  00 00 00 00 00 00 10 F5
  can0  193   [8]  00 00 00 00 00 00 10 F5
  can0  193   [8]  00 00 00 00 00 00 10 F5
  can0  193   [8]  00 00 00 00 00 00 10 F5
  can0  193   [8]  00 00 00 00 00 00 10 F5
  can0  193   [8]  00 00 00 00 00 00 10 F5
  can0  193   [8]  00 00 00 00 00 00 10 F5
  can0  193   [8]  00 00 00 00 00 00 10 F5
  can0  193   [8]  00 00 00 00 00 00 10 F5
  can0  193   [8]  00 00 00 00 00 00 10 F5
  can0  193   [8]  00 00 00 00 00 00 10 F5
  can0  193   [8]  00 00 00 00 00 00 10 F5
  can0  193   [8]  00 00 00 00 00 00 10 F5
  can0  193   [8]  00 00 00 00 00 00 10 F5
  can0  193   [8]  00 00 00 00 00 00 10 F5
  can0  193   [8]  00 00 00 00 00 00 10 F5
  can0  193   [8]  00 00 00 00 00 00 10 F5
  can0  193   [8]  00 00 00 00 00 00 10 F5
  can0  193   [8]  00 00 00 00 00 00 10 F5
  can0  193   [8]  00 00 00 00 00 00 10 F5
  can0  193   [8]  00 00 00 00 00 00 10 F5
  can0  193   [8]  00 00 00 00 00 00 10 F5
  can0  193   [8]  00 00 00 00 00 00 10 F5
  can0  193   [8]  00 00 00 00 00 00 10 F5
  can0  193   [8]  00 00 00 00 00 00 10 F5
  can0  193   [8]  00 00 00 00 00 00 10 F5
  can0  193   [8]  00 00 00 00 00 00 10 F5
  can0  193   [8]  00 00 00 00 00 00 10 F5
  can0  193   [8]  00 00 00 00 00 00 10 F5
  can0  193   [8]  00 00 00 00 00 00 10 F5
  can0  193   [8]  00 00 00 00 00 00 10 F5
  can0  193   [8]  00 00 00 00 00 00 10 F5
  can0  193   [8]  00 00 00 00 00 00 10 F5
  can0  193   [8]  00 00 00 00 00 00 10 F5
  can0  193   [8]  00 00 00 00 00 00 10 F5
  can0  193   [8]  00 00 00 00 00 00 10 F5
  can0  193   [8]  00 00 00 00 00 00 10 F5
  can0  193   [8]  00 00 00 00 00 00 10 F5
  can0  193   [8]  00 00 00 00 00 00 10 F5
  can0  193   [8]  00 00 00 00 00 00 10 F5
  can0  193   [8]  00 00 00 00 00 00 10 F5
  can0  193   [8]  00 00 00 00 00 00 10 F5
  can0  193   [8]  00 00 00 00 00 00 10 F5
  can0  193   [8]  00 00 00 00 00 00 10 F5
  can0  193   [8]  00 00 00 00 00 00 10 F5
  can0  193   [8]  00 00 00 00 00 00 10 F5
  can0  193   [8]  00 00 00 00 00 00 10 F5
  can0  193   [8]  00 00 00 00 00 00 10 F5
  can0  193   [8]  00 00 00 00 00 00 10 F5
  can0  193   [8]  00 00 00 00 00 00 10 F5
  can0  193   [8]  00 00 00 00 00 00 10 F5
  can0  193   [8]  00 00 00 00 00 00 10 F5
  can0  193   [8]  00 00 00 00 00 00 10 F5
  can0  193   [8]  00 00 00 00 00 00 10 F5
  can0  193   [8]  00 00 00 00 00 00 10 F5
  can0  193   [8]  00 00 00 00 00 00 10 F5
  can0  193   [8]  00 00 00 00 00 00 10 F5
  can0  193   [8]  00 00 00 00 00 00 10 F5
  can0  193   [8]  00 00 00 00 00 00 38 F5
  can0  193   [8]  00 00 00 00 00 00 60 F5
  can0  193   [8]  00 00 00 00 00 00 88 F5
  can0  193   [8]  00 00 00 00 00 00 B0 F5
  can0  193   [8]  00 00 00 00 00 00 D8 F5
  can0  193   [8]  00 00 00 00 00 00 00 F6
  can0  193   [8]  00 00 00 00 00 00 28 F6
  can0  193   [8]  00 00 00 00 00 00 50 F6
  can0  193   [8]  00 00 00 00 00 00 78 F6
  can0  193   [8]  00 00 00 00 00 00 A0 F6
  can0  193   [8]  00 00 00 00 00 00 C8 F6
  can0  193   [8]  00 00 00 00 00 00 F0 F6
  can0  193   [8]  00 00 00 00 00 00 18 F7
  can0  193   [8]  00 00 00 00 00 00 41 F7
  can0  193   [8]  00 00 00 00 00 00 69 F7
  can0  193   [8]  00 00 00 00 00 00 91 F7
  can0  193   [8]  00 00 00 00 00 00 B9 F7
  can0  193   [8]  00 00 00 00 00 00 E1 F7
  can0  193   [8]  00 00 00 00 00 00 09 F8
  can0  193   [8]  00 00 00 00 00 00 31 F8
  can0  193   [8]  00 00 00 00 00 00 59 F8
  can0  193   [8]  00 00 00 00 00 00 81 F8
  can0  193   [8]  00 00 00 00 00 00 A9 F8
  can0  193   [8]  00 00 00 00 00 00 D1 F8
  can0  193   [8]  00 00 00 00 00 00 F9 F8
  can0  193   [8]  00 00 00 00 00 00 21 F9
  can0  193   [8]  00 00 00 00 00 00 49 F9
  can0  193   [8]  00 00 00 00 00 00 71 F9
  can0  193   [8]  00 00 00 00 00 00 99 F9
  can0  193   [8]  00 00 00 00 00 00 C1 F9
  can0  193   [8]  00 00 00 00 00 00 E9 F9
  can0  193   [8]  00 00 00 00 00 00 11 FA
  can0  193   [8]  00 00 00 00 00 00 39 FA
  can0  193   [8]  00 00 00 00 00 00 61 FA
  can0  193   [8]  00 00 00 00 00 00 89 FA
  can0  193   [8]  00 00 00 00 00 00 B1 FA
  can0  193   [8]  00 00 00 00 00 00 D9 FA
  can0  193   [8]  00 00 00 00 00 00 01 FB
  can0  193   [8]  00 00 00 00 00 00 29 FB
  can0  193   [8]  00 00 00 00 00 00 51 FB
  can0  193   [8]  00 00 00 00 00 00 79 FB
  can0  193   [8]  00 00 00 00 00 00 A1 FB
  can0  193   [8]  00 00 00 00 00 00 C9 FB
  can0  193   [8]  00 00 00 00 00 00 F1 FB
  can0  193   [8]  00 00 00 00 00 00 19 FC
  can0  193   [8]  00 00 00 00 00 00 41 FC
  can0  193   [8]  00 00 00 00 00 00 69 FC
  can0  193   [8]  00 00 00 00 00 00 91 FC
  can0  193   [8]  00 00 00 00 00 00 B9 FC
  can0  193   [8]  00 00 00 00 00 00 E1 FC
  can0  193   [8]  00 00 00 00 00 00 09 FD
  can0  193   [8]  00 00 00 00 00 00 31 FD
  can0  193   [8]  00 00 00 00 00 00 59 FD
  can0  193   [8]  00 00 00 00 00 00 81 FD
  can0  193   [8]  00 00 00 00 00 00 A9 FD
  can0  193   [8]  00 00 00 00 00 00 D1 FD
  can0  193   [8]  00 00 00 00 00 00 F9 FD
  can0  193   [8]  00 00 00 00 00 00 21 FE
  can0  193   [8]  00 00 00 00 00 00 49 FE
  can0  193   [8]  00 00 00 00 00 00 71 FE
  can0  193   [8]  00 00 00 00 00 00 99 FE
  can0  193   [8]  00 00 00 00 00 00 C1 FE
  can0  193   [8]  00 00 00 00 00 00 E9 FE
  can0  193   [8]  00 00 00 00 00 00 11 FF
  can0  193   [8]  00 00 00 00 00 00 39 FF
  can0  193   [8]  00 00 00 00 00 00 61 FF
  can0  193   [8]  00 00 00 00 00 00 89 FF
  can0  193   [8]  00 00 00 00 00 00 B1 FF
  can0  193   [8]  00 00 00 00 00 00 D9 FF
  can0  193   [8]  00 00 00 00 00 00 00 00
  can0  193   [8]  00 00 00 00 00 00 00 00
  can0  193   [8]  00 00 00 00 00 00 00 00
  can0  193   [8]  00 00 00 00 00 00 00 00
  can0  193   [8]  00 00 00 00 00 00 00 00
  can0  193   [8]  00 00 00 00 00 00 00 00
  can0  193   [8]  00 00 00 00 00 00 00 00
  can0  193   [8]  00 00 00 00 00 00 00 00
  can0  193   [8]  00 00 00 00 00 00 00 00
  can0  193   [8]  00 00 00 00 00 00 00 00
  can0  193   [8]  00 00 00 00 00 00 00 00
  can0  193   [8]  00 00 00 00 00 00 00 00
  can0  193   [8]  00 00 00 00 00 00 00 00
  can0  193   [8]  00 00 00 00 00 00 00 00
  can0  193   [8]  00 00 00 00 00 00 00 00
  can0  193   [8]  00 00 00 00 00 00 00 00
  can0  193   [8]  00 00 00 00 00 00 00 00
  can0  193   [8]  00 00 00 00 00 00 00 00
  can0  193   [8]  00 00 00 00 00 00 00 00
  can0  193   [8]  00 00 00 00 00 00 00 00
  can0  193   [8]  00 00 00 00 00 00 00 00
  can0  193   [8]  00 00 00 00 00 00 00 00
  can0  193   [8]  00 00 00 00 00 00 00 00
  can0  193   [8]  00 00 00 00 00 00 00 00
  can0  193   [8]  00 00 00 00 00 00 00 00
  can0  193   [8]  00 00 00 00 00 00 00 00
  can0  193   [8]  00 00 00 00 00 00 00 00
  can0  193   [8]  00 00 00 00 00 00 00 00
  can0  193   [8]  00 00 00 00 00 00 00 00
  can0  193   [8]  00 00 00 00 00 00 00 00
  can0  193   [8]  00 00 00 00 00 00 00 00
  can0  193   [8]  00 00 00 00 00 00 00 00
  can0  193   [8]  00 00 00 00 00 00 00 00
  can0  193   [8]  00 00 00 00 00 00 00 00
  can0  193   [8]  00 00 00 00 00 00 00 00
  can0  193   [8]  00 00 00 00 00 00 00 00
  can0  193   [8]  00 00 00 00 00 00 00 00
  can0  193   [8]  00 00 00 00 00 00 00 00
  can0  193   [8]  00 00 00 00 00 00 00 00
  can0  193   [8]  00 00 00 00 00 00 00 00
  can0  193   [8]  00 00 00 00 00 00 00 00
  can0  193   [8]  00 00 00 00 00 00 00 00
  can0  193   [8]  00 00 00 00 00 00 00 00
  can0  193   [8]  00 00 00 00 00 00 00 00
  can0  193   [8]  00 00 00 00 00 00 00 00
  can0  193   [8]  00 00 00 00 00 00 00 00
  can0  193   [8]  00 00 00 00 00 00 00 00
  can0  193   [8]  00 00 00 00 00 00 00 00
  can0  193   [8]  00 00 00 00 00 00 00 00
  can0  193   [8]  00 00 00 00 00 00 00 00
  can0  193   [8]  00 00 00 00 00 00 00 00
  can0  193   [8]  00 00 00 00 00 00 00 00
  can0  193   [8]  00 00 00 00 00 00 00 00
  can0  193   [8]  00 00 00 00 00 00 00 00
